1 20  1 23  0  0
1 24  1 27  0  0
1 28  1 31  0  0
1 32  1 35  0  0
0  0  3  1  0 36 39  0
1  0  3  1  0 36 39  0
2  0  3  1  0 36 39  0
3  0  3  1  0 36 39  0
0.         0.         0.         0.         0.         0.
0.         0.         0.         0.         0.         0.
0.         0.         0.         0.         0.         0.
0.         0.         0.         0.         0.         0.
0.         0.         2.33759122 0.         2.33759122 0.
0.         0.         2.33759122 0.         2.33759122 0.
3.42525091 0.62391373 0.1688554  0.98170675 0.94946401 0.29590645