8 20  1 23  0  0
0  0  3  1  0 24 27  0
0  0  3  1  0 30 33  0
0  1  3  1  0 36 39  0
0.           0.           0.           0.           0.
0.           0.           0.           0.           0.
0.           0.           0.           0.           0.
0.           0.           0.           0.           0.
0.           0.           0.           0.         130.70932
23.808861     6.4436083   15.07274649  14.57770167   4.54323359
5.0331513    1.1695961    0.380389    -0.848697     1.13520079
0.85675304   5.0331513    1.1695961    0.380389     3.42906571
2.15628856   0.34159239