8 20  1 23  0  0
1 24  1 27  0  0
1 28  1 31  0  0
0  0  5  1  0 32 37  0
0  0  1  1  0 42 43  0
0  0  1  1  0 44 45  0
0  1  3  1  0 46 49  0
0  1  1  1  0 52 53  0
0  2  1  1  0 54 55  0
1  0  3  1  0 56 59  0
1  0  1  1  0 62 63  0
1  1  1  1  0 64 65  0
2  0  3  1  0 56 59  0
2  0  1  1  0 62 63  0
2  1  1  1  0 64 65  0
0.000000 0.000000 0.000000 0.000000 0.000000 0.000000 0.000000 0.000000 0.000000 0.000000 0.000000 0.000000 0.000000 0.000000 0.000000 0.000000 0.000000 0.000000 0.000000 0.000000 0.000000 -0.210423 0.000000 0.000000 0.000000 0.841693 -1.479724 0.000000 0.000000 0.841693 1.479724 0.000000 2266.176779 340.870102 77.363135 21.479645 6.658943 -4.472206 -8.064133 -11.868217 -11.804536 -4.680635 0.809760 2.156662 0.255308 0.907430 17.721504 3.863551 1.048092 6.643459 5.267054 2.293965 0.276415 0.584706 1.200000 3.590018